Test Seed Messages Sleep Passed Time(ms)
ex 1337 0 0 1 262
ex 4711 0 0 1 343
ex 42 0 0 1 374
ex 3571290 0 0 1 277
ex 1984 0 0 1 308
un 1337 0 0 1 1158
un 1337 5 0 1 3236
un 1337 10 0 1 4471
un 4711 0 0 1 1637
un 4711 5 0 1 3155
un 4711 10 0 1 4365
un 42 0 0 1 2657
un 42 5 0 1 3895
un 42 10 0 1 5224
un 3571290 0 0 1 1546
un 3571290 5 0 1 3317
un 3571290 10 0 1 5744
un 1984 0 0 1 847
un 1984 5 0 1 3173
un 1984 10 0 1 4436
exsl 1337 0 0 0 1
exsl 1337 0 500 0 500
exsl 1337 0 1000 0 1000
exsl 1337 0 1500 0 1501
exsl 1337 0 2000 0 2000
exsl 1337 0 2500 0 2500
exsl 1337 0 3000 0 3000
exsl 1337 0 3500 0 3500
exsl 1337 0 4000 0 4001
exsl 1337 0 4500 0 4500
exsl 1337 0 5000 0 5000
exsl 4711 0 0 0 0
exsl 4711 0 500 1 501
exsl 4711 0 1000 1 1000
exsl 4711 0 1500 1 1501
exsl 4711 0 2000 1 2000
exsl 4711 0 2500 1 2500
exsl 4711 0 3000 1 3001
exsl 4711 0 3500 1 3500
exsl 4711 0 4000 1 4000
exsl 4711 0 4500 1 4501
exsl 4711 0 5000 1 5000
exsl 42 0 0 0 0
exsl 42 0 500 1 500
exsl 42 0 1000 1 1000
exsl 42 0 1500 0 1500
exsl 42 0 2000 0 2001
exsl 42 0 2500 0 2500
exsl 42 0 3000 0 3000
exsl 42 0 3500 0 3500
exsl 42 0 4000 0 4001
exsl 42 0 4500 0 4500
exsl 42 0 5000 0 5000
exsl 3571290 0 0 0 0
exsl 3571290 0 500 1 500
exsl 3571290 0 1000 0 1000
exsl 3571290 0 1500 0 1501
exsl 3571290 0 2000 0 2000
exsl 3571290 0 2500 0 2501
exsl 3571290 0 3000 0 3001
exsl 3571290 0 3500 0 3500
exsl 3571290 0 4000 0 4000
exsl 3571290 0 4500 0 4501
exsl 3571290 0 5000 0 5000
exsl 1984 0 0 0 0
exsl 1984 0 500 1 501
exsl 1984 0 1000 1 1000
exsl 1984 0 1500 1 1501
exsl 1984 0 2000 1 2000
exsl 1984 0 2500 1 2501
exsl 1984 0 3000 1 3000
exsl 1984 0 3500 1 3500
exsl 1984 0 4000 1 4000
exsl 1984 0 4500 1 4500
exsl 1984 0 5000 1 5001
unsl 1337 0 0 0 1
unsl 1337 0 500 0 501
unsl 1337 0 1000 0 1000
unsl 1337 0 1500 1 1501
unsl 1337 0 2000 1 2001
unsl 1337 0 2500 1 2501
unsl 1337 0 3000 1 3000
unsl 1337 0 3500 1 3500
unsl 1337 0 4000 1 4001
unsl 1337 0 4500 1 4500
unsl 1337 0 5000 1 5000
unsl 1337 5 0 0 0
unsl 1337 5 500 0 500
unsl 1337 5 1000 0 1001
unsl 1337 5 1500 0 1500
unsl 1337 5 2000 0 2000
unsl 1337 5 2500 0 2500
unsl 1337 5 3000 0 3000
unsl 1337 5 3500 1 3501
unsl 1337 5 4000 1 4000
unsl 1337 5 4500 1 4500
unsl 1337 5 5000 1 5000
unsl 1337 10 0 0 0
unsl 1337 10 500 0 500
unsl 1337 10 1000 0 1001
unsl 1337 10 1500 0 1501
unsl 1337 10 2000 0 2000
unsl 1337 10 2500 0 2501
unsl 1337 10 3000 0 3001
unsl 1337 10 3500 0 3500
unsl 1337 10 4000 0 4000
unsl 1337 10 4500 1 4500
unsl 1337 10 5000 1 5000
unsl 4711 0 0 0 0
unsl 4711 0 500 0 500
unsl 4711 0 1000 0 1000
unsl 4711 0 1500 0 1501
unsl 4711 0 2000 1 2000
unsl 4711 0 2500 1 2501
unsl 4711 0 3000 1 3000
unsl 4711 0 3500 1 3500
unsl 4711 0 4000 1 4001
unsl 4711 0 4500 1 4500
unsl 4711 0 5000 1 5000
unsl 4711 5 0 0 1
unsl 4711 5 500 0 501
unsl 4711 5 1000 0 1001
unsl 4711 5 1500 0 1500
unsl 4711 5 2000 0 2000
unsl 4711 5 2500 0 2500
unsl 4711 5 3000 0 3000
unsl 4711 5 3500 1 3500
unsl 4711 5 4000 1 4001
unsl 4711 5 4500 1 4501
unsl 4711 5 5000 1 5001
unsl 4711 10 0 0 0
unsl 4711 10 500 0 500
unsl 4711 10 1000 0 1001
unsl 4711 10 1500 0 1501
unsl 4711 10 2000 0 2001
unsl 4711 10 2500 0 2500
unsl 4711 10 3000 0 3000
unsl 4711 10 3500 0 3501
unsl 4711 10 4000 0 4001
unsl 4711 10 4500 1 4500
unsl 4711 10 5000 1 5001
unsl 42 0 0 0 0
unsl 42 0 500 0 500
unsl 42 0 1000 0 1000
unsl 42 0 1500 0 1500
unsl 42 0 2000 0 2000
unsl 42 0 2500 0 2500
unsl 42 0 3000 1 3000
unsl 42 0 3500 1 3500
unsl 42 0 4000 1 4000
unsl 42 0 4500 1 4501
unsl 42 0 5000 1 5001
unsl 42 5 0 0 0
unsl 42 5 500 0 500
unsl 42 5 1000 0 1000
unsl 42 5 1500 0 1501
unsl 42 5 2000 0 2000
unsl 42 5 2500 0 2500
unsl 42 5 3000 0 3000
unsl 42 5 3500 0 3501
unsl 42 5 4000 1 4000
unsl 42 5 4500 1 4500
unsl 42 5 5000 1 5000
unsl 42 10 0 0 0
unsl 42 10 500 0 500
unsl 42 10 1000 0 1000
unsl 42 10 1500 0 1500
unsl 42 10 2000 0 2001
unsl 42 10 2500 0 2500
unsl 42 10 3000 0 3000
unsl 42 10 3500 0 3500
unsl 42 10 4000 0 4000
unsl 42 10 4500 0 4500
unsl 42 10 5000 0 5000
unsl 3571290 0 0 0 0
unsl 3571290 0 500 0 500
unsl 3571290 0 1000 0 1000
unsl 3571290 0 1500 0 1500
unsl 3571290 0 2000 1 2000
unsl 3571290 0 2500 1 2501
unsl 3571290 0 3000 1 3000
unsl 3571290 0 3500 1 3500
unsl 3571290 0 4000 1 4000
unsl 3571290 0 4500 1 4500
unsl 3571290 0 5000 1 5001
unsl 3571290 5 0 0 0
unsl 3571290 5 500 0 500
unsl 3571290 5 1000 0 1000
unsl 3571290 5 1500 0 1501
unsl 3571290 5 2000 0 2000
unsl 3571290 5 2500 0 2500
unsl 3571290 5 3000 0 3001
unsl 3571290 5 3500 1 3500
unsl 1984 0 0 0 0
unsl 3571290 5 4000 1 4000
unsl 3571290 5 4500 1 4500
unsl 3571290 5 5000 1 5000
unsl 3571290 10 0 0 0
unsl 3571290 10 500 0 500
unsl 3571290 10 1000 0 1000
unsl 3571290 10 1500 0 1500
unsl 3571290 10 2000 0 2001
unsl 3571290 10 2500 0 2500
unsl 3571290 10 3000 0 3000
unsl 3571290 10 3500 0 3501
unsl 3571290 10 4000 0 4001
unsl 3571290 10 4500 0 4500
unsl 3571290 10 5000 0 5001
unsl 1984 0 500 0 500
unsl 1984 0 1000 1 1001
unsl 1984 0 1500 1 1500
unsl 1984 0 2000 1 2001
unsl 1984 0 2500 1 2500
unsl 1984 0 3000 1 3000
unsl 1984 0 3500 1 3500
unsl 1984 0 4000 1 4000
unsl 1984 0 4500 1 4500
unsl 1984 0 5000 1 5001
unsl 1984 5 0 0 0
unsl 1984 5 500 0 500
unsl 1984 5 1000 0 1000
unsl 1984 5 1500 0 1501
unsl 1984 5 2000 0 2000
unsl 1984 5 2500 0 2501
unsl 1984 5 3000 0 3000
unsl 1984 5 3500 1 3501
unsl 1984 5 4000 1 4000
unsl 1984 5 4500 1 4501
unsl 1984 5 5000 1 5000
unsl 1984 10 0 0 0
unsl 1984 10 500 0 500
unsl 1984 10 1000 0 1001
unsl 1984 10 1500 0 1501
unsl 1984 10 2000 0 2000
unsl 1984 10 2500 0 2501
unsl 1984 10 3000 0 3000
unsl 1984 10 3500 0 3501
unsl 1984 10 4000 0 4000
unsl 1984 10 4500 1 4500
unsl 1984 10 5000 1 5001
